0.000000 0.000000 0.000000
0.002762 0.000000 0.009611
0.005524 0.000000 0.019222
0.008286 0.000000 0.028833
0.011048 0.000000 0.038444
0.013810 0.000000 0.048055
0.016572 0.000000 0.057666
0.019334 0.000000 0.067277
0.022096 0.000000 0.076888
0.024858 0.000000 0.086499
0.027620 0.000000 0.096110
0.030382 0.000000 0.105721
0.033144 0.000000 0.115332
0.035906 0.000000 0.124943
0.038668 0.000000 0.134554
0.041430 0.000000 0.144165
0.044192 0.000000 0.153776
0.046954 0.000000 0.163387
0.049716 0.000000 0.172998
0.052478 0.000000 0.182609
0.055240 0.000000 0.192220
0.058002 0.000000 0.201831
0.060764 0.000000 0.211442
0.063526 0.000000 0.221053
0.066288 0.000000 0.230664
0.069050 0.000000 0.240275
0.071812 0.000000 0.249886
0.074574 0.000000 0.259497
0.077336 0.000000 0.269108
0.080098 0.000000 0.278719
0.082860 0.000000 0.288330
0.085622 0.000000 0.297941
0.088384 0.000000 0.307552
0.091146 0.000000 0.317163
0.093908 0.000000 0.326774
0.096670 0.000000 0.336385
0.099432 0.000000 0.345996
0.102194 0.000000 0.355607
0.104956 0.000000 0.365218
0.107718 0.000000 0.374829
0.110480 0.000000 0.384440
0.113242 0.000000 0.394051
0.116004 0.000000 0.403662
0.118766 0.000000 0.413273
0.121528 0.000000 0.422884
0.124290 0.000000 0.432495
0.127052 0.000000 0.442106
0.129814 0.000000 0.451717
0.132576 0.000000 0.461328
0.135338 0.000000 0.470939
0.138100 0.000000 0.480550
0.140862 0.000000 0.490161
0.143624 0.000000 0.499772
0.146386 0.000000 0.509383
0.149148 0.000000 0.518994
0.151910 0.000000 0.528605
0.154672 0.000000 0.538216
0.157434 0.000000 0.547827
0.160196 0.000000 0.557438
0.162958 0.000000 0.567049
0.165720 0.000000 0.576660
0.168482 0.000000 0.586271
0.171244 0.000000 0.595882
0.174006 0.000000 0.605493
0.176768 0.000000 0.615104
0.179530 0.000000 0.624715
0.182292 0.000000 0.634326
0.185054 0.000000 0.643937
0.187816 0.000000 0.653548
0.190578 0.000000 0.663159
0.193340 0.000000 0.672770
0.196102 0.000000 0.682381
0.198864 0.000000 0.691992
0.201626 0.000000 0.701603
0.204388 0.000000 0.711214
0.207150 0.000000 0.720825
0.209912 0.000000 0.730436
0.212674 0.000000 0.740047
0.215436 0.000000 0.749658
0.218198 0.000000 0.759269
0.220960 0.000000 0.768880
0.223722 0.000000 0.778491
0.226484 0.000000 0.788102
0.229246 0.000000 0.797713
0.232008 0.000000 0.807324
0.234770 0.000000 0.816935
0.237532 0.000000 0.826546
0.240294 0.000000 0.836157
0.243056 0.000000 0.845768
0.245818 0.000000 0.855379
0.248580 0.000000 0.864990
0.251342 0.000000 0.874601
0.254104 0.000000 0.884212
0.256866 0.000000 0.893823
0.259628 0.000000 0.903434
0.262390 0.000000 0.913045
0.265152 0.000000 0.922656
0.267914 0.000000 0.932267
0.270676 0.000000 0.941878
0.273438 0.000000 0.951489
0.276200 0.000000 0.961100
