0.000000 0.000000 0.000000
0.000000 0.000000 0.010000
0.000084 0.000000 0.020000
0.000262 0.000000 0.029998
0.000546 0.000000 0.039994
0.000944 0.000000 0.049986
0.001469 0.000000 0.059972
0.002130 0.000000 0.069950
0.002938 0.000000 0.079918
0.003903 0.000000 0.089871
0.005035 0.000000 0.099807
0.006345 0.000000 0.109721
0.007842 0.000000 0.119608
0.009537 0.000000 0.129463
0.011439 0.000000 0.139281
0.013558 0.000000 0.149054
0.015903 0.000000 0.158775
0.018483 0.000000 0.168436
0.021306 0.000000 0.178030
0.024380 0.000000 0.187545
0.027713 0.000000 0.196973
0.031313 0.000000 0.206303
0.035185 0.000000 0.215523
0.039336 0.000000 0.224621
0.043771 0.000000 0.233584
0.048493 0.000000 0.242398
0.053507 0.000000 0.251051
0.058815 0.000000 0.259526
0.064418 0.000000 0.267808
0.070317 0.000000 0.275883
0.076511 0.000000 0.283734
0.082998 0.000000 0.291344
0.089776 0.000000 0.298697
0.096839 0.000000 0.305775
0.104183 0.000000 0.312563
0.111800 0.000000 0.319043
0.119681 0.000000 0.325198
0.127817 0.000000 0.331012
0.136197 0.000000 0.336469
0.144807 0.000000 0.341554
0.153635 0.000000 0.346252
0.162665 0.000000 0.350548
0.171881 0.000000 0.354430
0.181265 0.000000 0.357885
0.190799 0.000000 0.360903
0.200462 0.000000 0.363474
0.210236 0.000000 0.365589
0.220099 0.000000 0.367242
0.230028 0.000000 0.368426
0.240003 0.000000 0.369138
0.250000 0.000000 0.369376
0.259997 0.000000 0.369138
0.269972 0.000000 0.368426
0.279901 0.000000 0.367242
0.289764 0.000000 0.365589
0.299538 0.000000 0.363474
0.309201 0.000000 0.360903
0.318735 0.000000 0.357885
0.328119 0.000000 0.354430
0.337335 0.000000 0.350548
0.346365 0.000000 0.346252
0.355193 0.000000 0.341554
0.363803 0.000000 0.336469
0.372183 0.000000 0.331012
0.380319 0.000000 0.325198
0.388200 0.000000 0.319043
0.395817 0.000000 0.312563
0.403161 0.000000 0.305775
0.410224 0.000000 0.298697
0.417002 0.000000 0.291344
0.423489 0.000000 0.283734
0.429683 0.000000 0.275883
0.435582 0.000000 0.267808
0.441185 0.000000 0.259526
0.446493 0.000000 0.251051
0.451507 0.000000 0.242398
0.456229 0.000000 0.233584
0.460664 0.000000 0.224621
0.464815 0.000000 0.215523
0.468687 0.000000 0.206303
0.472287 0.000000 0.196973
0.475620 0.000000 0.187545
0.478694 0.000000 0.178030
0.481517 0.000000 0.168436
0.484097 0.000000 0.158775
0.486442 0.000000 0.149054
0.488561 0.000000 0.139281
0.490463 0.000000 0.129463
0.492158 0.000000 0.119608
0.493655 0.000000 0.109721
0.494965 0.000000 0.099807
0.496097 0.000000 0.089871
0.497062 0.000000 0.079918
0.497870 0.000000 0.069950
0.498531 0.000000 0.059972
0.499056 0.000000 0.049986
0.499454 0.000000 0.039994
0.499738 0.000000 0.029998
0.499916 0.000000 0.020000
0.500000 0.000000 0.010000
0.500000 0.000000 0.000000
