0.000000 0.000000
0.002762 0.009611
0.006481 0.018879
0.011202 0.027680
0.016935 0.035857
0.023657 0.043243
0.031306 0.049663
0.039778 0.054952
0.048925 0.058959
0.058567 0.061562
0.068491 0.062681
0.078469 0.062278
0.088271 0.060367
0.097676 0.057008
0.106487 0.052306
0.114539 0.046399
0.121709 0.039447
0.127913 0.031622
0.133112 0.023095
0.137299 0.014028
0.140504 0.004569
0.142778 -0.005155
0.144194 -0.015041
0.144835 -0.025007
0.144795 -0.034994
0.144169 -0.044961
0.143056 -0.054886
0.141555 -0.064759
0.139760 -0.074584
0.137768 -0.084370
0.135672 -0.094135
0.133565 -0.103897
0.131541 -0.113676
0.129691 -0.123490
0.128112 -0.133352
0.126898 -0.143265
0.126149 -0.153223
0.125962 -0.163209
0.126434 -0.173184
0.127659 -0.183096
0.129724 -0.192867
0.132704 -0.202399
0.136657 -0.211570
0.141616 -0.220238
0.147586 -0.228245
0.154534 -0.235418
0.162388 -0.241586
0.171033 -0.246585
0.180315 -0.250271
0.190042 -0.252531
0.200000 -0.253292
0.209958 -0.252531
0.219685 -0.250271
0.228967 -0.246585
0.237612 -0.241586
0.245466 -0.235418
0.252414 -0.228244
0.258384 -0.220238
0.263343 -0.211570
0.267296 -0.202398
0.270276 -0.192867
0.272341 -0.183096
0.273566 -0.173184
0.274038 -0.163208
0.273851 -0.153223
0.273102 -0.143265
0.271888 -0.133352
0.270309 -0.123490
0.268459 -0.113676
0.266435 -0.103897
0.264328 -0.094134
0.262232 -0.084370
0.260240 -0.074584
0.258445 -0.064759
0.256943 -0.054886
0.255831 -0.044961
0.255205 -0.034994
0.255165 -0.025007
0.255806 -0.015041
0.257222 -0.005155
0.259496 0.004570
0.262701 0.014028
0.266888 0.023095
0.272087 0.031622
0.278291 0.039447
0.285461 0.046399
0.293513 0.052306
0.302324 0.057008
0.311729 0.060367
0.321531 0.062278
0.331509 0.062681
0.341433 0.061562
0.351075 0.058959
0.360222 0.054952
0.368694 0.049663
0.376343 0.043243
0.383065 0.035857
0.388798 0.027680
0.393519 0.018879
0.397238 0.009611
0.400000 0.000000
