0.000000 0.000000
0.002762 0.009611
0.005221 0.019302
0.007399 0.029061
0.009318 0.038874
0.011001 0.048729
0.012471 0.058619
0.013754 0.068535
0.014872 0.078471
0.015851 0.088421
0.016716 0.098382
0.017491 0.108351
0.018201 0.118324
0.018872 0.128300
0.019528 0.138277
0.020195 0.148253
0.020898 0.158227
0.021661 0.168196
0.022509 0.178159
0.023469 0.188111
0.024563 0.198050
0.025818 0.207969
0.027257 0.217863
0.028905 0.227725
0.030785 0.237545
0.032920 0.247313
0.035333 0.257016
0.038045 0.266640
0.041077 0.276168
0.044448 0.285581
0.048176 0.294858
0.052276 0.303978
0.056762 0.312913
0.061646 0.321638
0.066936 0.330122
0.072639 0.338335
0.078756 0.346243
0.085287 0.353814
0.092226 0.361013
0.099565 0.367803
0.107290 0.374151
0.115385 0.380020
0.123827 0.385377
0.132590 0.390190
0.141646 0.394429
0.150959 0.398066
0.160494 0.401077
0.170209 0.403441
0.180062 0.405141
0.190007 0.406167
0.200000 0.406509
0.209993 0.406167
0.219938 0.405141
0.229791 0.403441
0.239506 0.401077
0.249041 0.398066
0.258354 0.394429
0.267410 0.390190
0.276173 0.385377
0.284615 0.380020
0.292710 0.374151
0.300435 0.367803
0.307774 0.361013
0.314713 0.353814
0.321244 0.346243
0.327361 0.338335
0.333064 0.330122
0.338354 0.321638
0.343238 0.312913
0.347724 0.303978
0.351824 0.294858
0.355552 0.285581
0.358923 0.276168
0.361955 0.266640
0.364667 0.257016
0.367080 0.247313
0.369215 0.237545
0.371095 0.227725
0.372743 0.217863
0.374182 0.207969
0.375437 0.198050
0.376531 0.188111
0.377491 0.178159
0.378339 0.168196
0.379102 0.158227
0.379805 0.148253
0.380472 0.138277
0.381128 0.128300
0.381799 0.118324
0.382509 0.108351
0.383284 0.098382
0.384149 0.088421
0.385128 0.078471
0.386246 0.068535
0.387529 0.058619
0.388999 0.048729
0.390682 0.038874
0.392601 0.029061
0.394779 0.019302
0.397238 0.009611
0.400000 0.000000
