0.000000 0.000000
0.000000 0.010000
0.001325 0.019906
0.003947 0.029550
0.007808 0.038767
0.012828 0.047409
0.018907 0.055341
0.025926 0.062456
0.033758 0.068664
0.042268 0.073903
0.051323 0.078132
0.060790 0.081334
0.070545 0.083508
0.080471 0.084671
0.090463 0.084854
0.100429 0.084099
0.110286 0.082455
0.119968 0.079975
0.129417 0.076719
0.138586 0.072744
0.147441 0.068110
0.155954 0.062875
0.164105 0.057092
0.171883 0.050816
0.179279 0.044095
0.186291 0.036974
0.192922 0.029496
0.199174 0.021699
0.205055 0.013618
0.210573 0.005286
0.215738 -0.003270
0.220562 -0.012023
0.225054 -0.020951
0.229227 -0.030032
0.233091 -0.039248
0.236660 -0.048584
0.239943 -0.058023
0.242951 -0.067554
0.245694 -0.077164
0.248182 -0.086843
0.250423 -0.096583
0.252426 -0.106374
0.254199 -0.116210
0.255747 -0.126083
0.257076 -0.135989
0.258193 -0.145920
0.259100 -0.155873
0.259803 -0.165842
0.260302 -0.175824
0.260601 -0.185813
0.260701 -0.195807
0.260601 -0.205801
0.260302 -0.215790
0.259803 -0.225772
0.259100 -0.235741
0.258193 -0.245694
0.257076 -0.255625
0.255747 -0.265531
0.254199 -0.275404
0.252426 -0.285240
0.250423 -0.295031
0.248182 -0.304771
0.245694 -0.314450
0.242951 -0.324060
0.239943 -0.333591
0.236660 -0.343030
0.233091 -0.352366
0.229227 -0.361582
0.225054 -0.370663
0.220562 -0.379591
0.215738 -0.388344
0.210573 -0.396900
0.205055 -0.405232
0.199174 -0.413313
0.192922 -0.421110
0.186291 -0.428588
0.179279 -0.435709
0.171883 -0.442430
0.164105 -0.448706
0.155954 -0.454489
0.147441 -0.459724
0.138586 -0.464358
0.129417 -0.468333
0.119968 -0.471589
0.110286 -0.474069
0.100429 -0.475713
0.090463 -0.476468
0.080471 -0.476285
0.070545 -0.475122
0.060790 -0.472948
0.051323 -0.469746
0.042268 -0.465517
0.033758 -0.460278
0.025926 -0.454070
0.018907 -0.446955
0.012828 -0.439023
0.007808 -0.430381
0.003947 -0.421164
0.001325 -0.411520
0.000000 -0.401614
0.000000 -0.391614
